9.999999999999996669e-01,8.699431548172711914e-02,9.329617711915653977e-02,4.585837049008244931e-02,1.233881192581672559e-01,7.213915330580547569e-02,8.114926906542752061e-02,2.872479922844919931e-02,4.384187815450031611e-02,9.414302893508873227e-02,3.978257956888293922e-02,2.419346270777120514e-02,5.585648517702565541e-02,7.857371743986395207e-02,1.086097623166971254e-01,9.778390861087443708e-02,4.828770960277685431e-02,2.542753910726690963e-02,3.878865036708374625e-02,1.417125136224783866e-01,2.696907990649769632e-02,3.612361143789814821e-02,4.495138110265068515e-02,8.564070033430087880e-02,1.111781181107933669e-01,5.440692333610435555e-02,6.890312903226883390e-02,7.054766806141828106e-02,6.628276280078990168e-02,4.268643077234516442e-02,8.613852349054493263e-02,8.789346801607360316e-02,8.449734107872097777e-02,9.445786427244245997e-02,6.290055691196808074e-02,4.080458299149677948e-02,5.202440967005606681e-02,3.049500500504215283e-02,5.749800217636134858e-02,3.572856642980839353e-02,3.434402812780670833e-02,4.310126586423359413e-02,8.836179058781815088e-02,6.587112151028434726e-02,1.019841221437408074e-01,1.257888650239397943e-01,7.845037700211932030e-02,3.581012787167853206e-02,8.150905020986991267e-02,1.285036798761710897e-01,6.672824583275127619e-02,2.602364176235458237e-02,6.644347676827233595e-02,5.896350725199441672e-02,1.155968958053995854e-01,1.172377062638988165e-01,1.591599028361797286e-01,8.097319963396247544e-02,1.489612179887156995e-01,6.418430651630416262e-02,8.261352870516516789e-02,6.078258605957971572e-02,4.635581919925717276e-02,5.402308114575911369e-02,6.456559217433213704e-02,5.881792688943329739e-02,9.820594863502399297e-02,9.843663081780369695e-02,1.489612179887156995e-01,5.194874309055247386e-02,7.998738395949929469e-02,9.215672474036198936e-02,8.744730999359193180e-02,1.002698932921361197e-01,5.163654185722619389e-02,4.321896820298423703e-02,8.337258569091819671e-02,4.396587990077434338e-02,1.456803754976738752e-01,7.213600255343396994e-02,5.731525965026768032e-02,1.086545252693826846e-01,3.822285650395766676e-02,8.706003481198279492e-02,4.460683593350380644e-02,1.791212203305859729e-01,3.368458109519906207e-02,5.615002520669144792e-02,6.310100100054118200e-02,7.206405923858844043e-02,6.877879825103766498e-02,1.016073412210974636e-01,6.689976946138354030e-02,9.017671588755167555e-02,8.461723828499224942e-02,1.049420254058286012e-01,3.681457115406125413e-02,2.421951174773890464e-02,1.011792484024011118e-01,5.887918303451264435e-02,3.917226734212861383e-02,7.046842924679910802e-02,2.788794449063437125e-02,1.709537145092485666e-01,1.752798101196483826e-01,1.990234259940311390e-02,2.704281777841973169e-02,6.382631226600954388e-02,4.454640535556832204e-02,1.196792809998444146e-01,1.111323580176181436e-01,4.523447902649095631e-02,4.946123987513669634e-02,6.704219131860116032e-02,1.477755142163721669e-01,5.184295527238300116e-02,3.943226913715272564e-02,9.031946145776144352e-02
8.699431548172711914e-02,9.999999999999997780e-01,2.291933619373879016e-01,2.443352683081091714e-01,1.446689865123914620e-01,1.329671032524025742e-01,1.231080410032005801e-01,1.218029627534858994e-01,1.029760090760382246e-01,8.584241950289639433e-02,9.277971839920905184e-02,7.909078985781281546e-02,1.115905296833325511e-01,1.830123490082008475e-01,1.252713749495805440e-01,1.256178029396915474e-01,1.996702340120847796e-01,7.130300604617742510e-02,8.848125061601223862e-02,1.129782781586881613e-01,1.742043686699724647e-01,1.059201254098621897e-01,6.192814141141297912e-02,8.726794308170313097e-02,1.100081097522550566e-01,1.774631349471499364e-01,1.156915372209929849e-01,8.657359512882553676e-02,1.427925582390935921e-01,1.165075985361160582e-01,8.886476400404960674e-02,1.634825074201820827e-01,6.611191934151297578e-02,8.612949574645012429e-02,1.202728268836565501e-01,8.519417565107684220e-02,1.062904074232003115e-01,1.529960199855827929e-01,6.725617561822419543e-02,8.045662133441391917e-02,7.364021691007699433e-02,1.009642973434491803e-01,1.849118140680255373e-01,8.248697654381900723e-02,1.238604504529454697e-01,2.443046373343367994e-01,1.751667950619608949e-01,1.050009421575177904e-01,1.321640654183024455e-01,1.336725354250745124e-01,7.132415161546594440e-02,7.487156783240030145e-02,9.457261305983159783e-02,1.561709239747071931e-01,1.027087822846128179e-01,1.395652491352147861e-01,1.439245035475990586e-01,7.091332705677499959e-02,8.571082139663402377e-02,5.376265009874757472e-02,8.341284835841392131e-02,8.901714432156183909e-02,7.120971695186815997e-02,9.678575138468283046e-02,7.976857172204043778e-02,9.188758854297286727e-02,1.421666763705953518e-01,1.327465279410675603e-01,8.571082139663402377e-02,7.638731252705852071e-02,7.988517866476921303e-02,1.193526101478146334e-01,7.410193067508481779e-02,1.035509606469399019e-01,7.982780932641964089e-02,4.494332586002956764e-02,1.137048323719726250e-01,6.991735893377371003e-02,1.603306080055446892e-01,1.217651216443190604e-01,6.985068325455009997e-02,1.832554895966193587e-01,1.861962594756098044e-01,1.988234037603209547e-01,1.696375047429025396e-01,1.145741294030512419e-01,1.085273831562056923e-01,5.882669773464681284e-02,8.319740878148897123e-02,1.569629092418696747e-01,1.683080651862376154e-01,8.226846906832918638e-02,4.785718407626333992e-02,1.201659254392209719e-01,3.820621767808177194e-02,1.193439730590618031e-01,7.639966278316248638e-02,1.059142669940435488e-01,6.344064333469431882e-02,9.049454490209898894e-02,7.061763578249147244e-02,5.295788487418022494e-02,3.738968623734401781e-02,1.197387774962548612e-01,1.711992810690587952e-01,3.513777529859530430e-02,7.534065429845727968e-02,5.582579782594629392e-02,7.584743660878501270e-02,1.585124251870592138e-01,7.151247031888657846e-02,8.749321738834994755e-02,5.258289971864842094e-02,1.066026800019137244e-01,8.651308040401059496e-02,8.390502247235201438e-02,4.080745262818551156e-02,9.727638604459634686e-02
9.329617711915653977e-02,2.291933619373879016e-01,9.999999999999998890e-01,2.021752637225558979e-01,1.224489141301048217e-01,1.269459313183798066e-01,1.170009436005244596e-01,9.529649368954205835e-02,2.166094789652484726e-02,7.116344497025420268e-02,7.346031561374671837e-02,5.146039077448646276e-02,9.361917096222768797e-02,9.792005931653105510e-02,1.076855077430080576e-01,1.109321501996121812e-01,1.828049180100209392e-01,9.249255127684027911e-02,1.443152980140731678e-01,1.049973860863831071e-01,4.414973037921943178e-02,4.489234468361105734e-02,3.443905650037620142e-02,1.151301148866628876e-01,1.810884018574525078e-01,2.137749412650014336e-01,1.092268051185242561e-01,8.386599066537203662e-02,1.707101524824380101e-01,1.503254285963397385e-01,1.096151296627925487e-01,1.585162508580217899e-01,4.336867937897959796e-02,7.140143144103061612e-02,6.650469520645083121e-02,1.518156857490211009e-01,1.161512900830772577e-01,2.063077017214190456e-01,5.135465526393478974e-02,5.997234227723151345e-02,8.128005263001418512e-02,8.788139290403747250e-02,1.198230695359418368e-01,5.290839345831421792e-02,1.156971337753102680e-01,1.141073469909463234e-01,9.900371162160112593e-02,4.450276535454612131e-02,6.974903220032502293e-02,1.123317268178114781e-01,7.016513493794543366e-02,8.119009640654799298e-02,8.828465955416352207e-02,7.401062440081500327e-02,8.066060992837585653e-02,9.072880935917571055e-02,1.019848692383031052e-01,6.028973878036458789e-02,7.181810822388849658e-02,4.399564102066316068e-02,7.347864935482652238e-02,6.751164566875418604e-02,4.286334674866795758e-02,7.492725495520954904e-02,9.806816317156068219e-02,7.442855855667238063e-02,1.566020305194593121e-01,8.326181486868960979e-02,7.181810822388849658e-02,6.641784786150878306e-02,6.614533296690539022e-02,8.989424414450918055e-02,4.870259839279894587e-02,6.553289953554373992e-02,4.682690778078939242e-02,6.155201198986823274e-02,7.449035277716255232e-02,1.228089681270162908e-01,1.079770530014176055e-01,7.773524739017298457e-02,5.485274088732714631e-02,1.131501535265707903e-01,2.026759966798441226e-01,2.407177984164338980e-01,6.836921412355308203e-02,1.234156353431936637e-01,7.486388562399903801e-02,1.339512225089835862e-01,9.695283657094148910e-02,9.695832961855686827e-02,1.205406055662978371e-01,8.454202373217234445e-02,2.251975091633199449e-02,5.337786436204398910e-02,7.991126912353656297e-02,7.830479091596057040e-02,3.379996667780637426e-02,7.761738325817624240e-02,5.310427347126893405e-02,1.063084757142140346e-01,1.372233707909720213e-01,6.095042290660043771e-02,5.978028391283431858e-02,9.113412505538021069e-02,1.066914825244539705e-01,1.203751981790435535e-02,7.429839258278003733e-02,2.960752213374768377e-02,4.110908043893121699e-02,1.162808524784495201e-01,8.104778324258971045e-02,4.884968147298381080e-02,3.344255047158138650e-02,4.758862594441828214e-02,5.587339332746429216e-02,5.385987092469210480e-02,5.603211989820612582e-02,6.619635104591094221e-02
4.585837049008244931e-02,2.443352683081091714e-01,2.021752637225558979e-01,1.000000000000000222e+00,5.026606898063223916e-02,2.016968923580117756e-01,1.487532086499499806e-01,6.929161151499052540e-02,7.279986002743391027e-02,4.821526684094849108e-02,9.310495926117190457e-02,1.003036359994642079e-01,1.249232948639708018e-01,7.324939441941011320e-02,9.785039105015576333e-02,7.549027526283276501e-02,1.530044031183724063e-01,5.688105525906676785e-02,7.882666789826196785e-02,4.630551273209936036e-02,8.137016374868273616e-02,6.071352246140609976e-02,5.961292220763509536e-02,5.982204078928571311e-02,1.217242722017240208e-01,6.695538134578656875e-01,1.638074447053659011e-01,1.011381919520905059e-01,1.069703500816272801e-01,1.092149634250193929e-01,5.101694593470591788e-02,1.469980946625281948e-01,3.159487694596500862e-02,4.837650947328334117e-02,6.786315219183793046e-02,7.360936454764763215e-02,1.418382853338944760e-01,1.059140460025024821e-01,7.395224021361368472e-02,1.030558502684949529e-01,9.646307759898337109e-02,1.116827338449238316e-01,7.081786728634056893e-02,5.889508472541529760e-02,7.028397466680461059e-02,9.945395972240250737e-02,7.868279334968134031e-02,6.018664569628320166e-02,6.648901111142743736e-02,9.828083466159100168e-02,5.172523013847907247e-02,6.895901950799131208e-02,5.993909510407831320e-02,5.495425619079831459e-02,8.042081978419146626e-02,5.586046201584045356e-02,7.502765589534078627e-02,6.019689911128033033e-02,5.196716202198633366e-02,3.996436264634610491e-02,5.532434870317348707e-02,3.348822384169369143e-02,3.647919638288243255e-02,7.035253731543512912e-02,1.305082141032203324e-01,6.515118617628196107e-02,8.489445735881896715e-02,8.713201128012640351e-02,5.196716202198633366e-02,8.468403663396451009e-02,9.082896174645108123e-02,5.851671099434354456e-02,4.731547177154740713e-02,5.610929662062983519e-02,5.761851096966631725e-02,5.347882454792238227e-02,5.501005637109435131e-02,4.184133063339141867e-02,9.184515075212204560e-02,6.557834385661079346e-02,5.272920119701223624e-02,1.117248977580451857e-01,2.782622580800048762e-01,1.011112389996188105e-01,1.017912566185557033e-01,6.676766419158210175e-02,1.446410919564932174e-01,7.633448672044756966e-02,6.752722470333018256e-02,9.501670144518106764e-02,9.602814070725398943e-02,8.601311313859884289e-02,3.336014096876812468e-02,9.301342241382287712e-02,3.251772190021619963e-02,7.222194835061787610e-02,5.484649827710812858e-02,1.263180295968747702e-01,9.915671343257849435e-02,1.435979057660775882e-01,1.091023385101541482e-01,5.847200907824266769e-02,3.482423861361032963e-02,1.075177852379089610e-01,6.424279375592657770e-02,1.570920523775436867e-02,6.567545590633838692e-02,3.154709802769840865e-02,4.922914476448447818e-02,1.156998773322174268e-01,6.191695202170001411e-02,5.682576657652257252e-02,3.028186545059590937e-02,7.372911960568406808e-02,4.727483250195697873e-02,4.764986654106853625e-02,4.068729357890589482e-02,6.962043829921074622e-02
1.233881192581672559e-01,1.446689865123914620e-01,1.224489141301048217e-01,5.026606898063223916e-02,9.999999999999997780e-01,1.450521568176723897e-01,9.436519995425768359e-02,1.114595211017831156e-01,3.780183942490115967e-02,6.368695970056223454e-02,1.009892334752154341e-01,1.796864762206839550e-01,1.081633010162031117e-01,1.259653227906381012e-01,1.722755148933036162e-01,1.510186484739453605e-01,1.204346507468984917e-01,6.641658439629020971e-02,1.153852344334180408e-01,1.700809639473206403e-01,5.981957915177325835e-02,7.060323351851235940e-02,1.048360260908621916e-01,1.662762199432704646e-01,1.130412420959716058e-01,3.792229701884579363e-02,1.135417136637443258e-01,1.008778389754491772e-01,1.196253706743007350e-01,1.000296085587231987e-01,7.015923209872708399e-02,1.698967154371947008e-01,8.262156474435264353e-02,6.389994313299657280e-02,8.883007159212674697e-02,9.887426828316858707e-02,7.358448129997659237e-02,1.352905692207159727e-01,5.014154801321029503e-02,1.361225220138854997e-01,8.825074942062613448e-02,7.217460916304727081e-02,1.219320871431194830e-01,8.250996937446167245e-02,1.370884676911134914e-01,1.752167641260774789e-01,1.463715085808161565e-01,9.115215294017137149e-02,1.253038048194990428e-01,1.920960283433559845e-01,1.188120601504163432e-01,5.643021463701779206e-02,1.368013633589674483e-01,1.423982160145430553e-01,1.335754779149019855e-01,1.153664426665209075e-01,7.972148943033108281e-02,1.280801403871074939e-01,8.832936389218704054e-02,7.532925695332765015e-02,1.156274882968850171e-01,1.273834076590927289e-01,1.280141141693371398e-01,7.869815920956370336e-02,1.082259365524083777e-01,8.310515866228074255e-02,8.896333535564028561e-02,9.981295185561106509e-02,8.832936389218704054e-02,7.846822132677713779e-02,1.038837630691623326e-01,8.425410170072307470e-02,7.283184523833236002e-02,1.045226937311739129e-01,7.943634553582948343e-02,8.275063723281111949e-02,1.108557067032974464e-01,1.315323213168850258e-01,1.211623440416296771e-01,1.543044417057298501e-01,8.223519053650707455e-02,1.360010964119850174e-01,1.037734054081781293e-01,7.012686524645611597e-02,7.599285238395547815e-02,1.000811634833372321e-01,3.389215261331744722e-02,7.845232877377678049e-02,4.903916666460289564e-02,1.095617850595838882e-01,6.698306089745140190e-02,9.011009675311937306e-02,7.258388587796624214e-02,1.027196472224766871e-01,6.536676337447001883e-02,1.076845138220557385e-01,4.200283841542679086e-02,5.168713241972526518e-02,6.735309163220420947e-02,9.789400072298205802e-02,8.119110909937332643e-02,9.471421302740022641e-02,6.774589846214532085e-02,1.346896605370044298e-01,1.077156375965025586e-01,5.476736650565444675e-02,8.012460222680936606e-02,8.581308035814209922e-02,6.078454283064951141e-02,1.084572782740937102e-01,7.627376788411902031e-02,6.297951030801775263e-02,5.655595841559386827e-02,8.475842915233082475e-02,8.290538506302165545e-02,8.731640624425734964e-02,4.479511129013226400e-02,9.930646527285913461e-02
7.213915330580547569e-02,1.329671032524025742e-01,1.269459313183798066e-01,2.016968923580117756e-01,1.450521568176723897e-01,1.000000000000000222e+00,6.854579040969268622e-01,9.383268390450390239e-02,4.605910654348299021e-02,1.255580283189669522e-01,1.167666769406550814e-01,1.420436077146411125e-01,1.625378903793636975e-01,1.055252682034658052e-01,2.038903014901637389e-01,1.640941143063996965e-01,1.463106104869661417e-01,7.620257001761333859e-02,9.576899459950395654e-02,1.135612541632143035e-01,4.840973555873866185e-02,7.189678224479117974e-02,8.473885654614507490e-02,1.386210182237642141e-01,2.013810155391552170e-01,2.051680885175833080e-01,7.694614361411956649e-01,5.489647713603699186e-01,1.352010068824878730e-01,1.156185092422340188e-01,1.613522605610391014e-01,2.157071291646839306e-01,6.964750494013610682e-02,1.259779224380581097e-01,1.523459048615246614e-01,8.247166830996842390e-02,1.354465921960328334e-01,5.756704376318209915e-02,1.126630493918833187e-01,1.060363546651707789e-01,1.017869177370524097e-01,1.706667826643749886e-01,1.092937290184180926e-01,1.618160341573741112e-01,1.545655000841477111e-01,1.679273852920622478e-01,1.267572267086174986e-01,8.845451744701815500e-02,1.565717212916589718e-01,1.722636108903626007e-01,1.240562667589817647e-01,8.048784479146564586e-02,1.337159463373119583e-01,1.455161194031028005e-01,8.326392924755751657e-02,1.449785329943082401e-01,1.137127126136287802e-01,1.700731485771881102e-01,1.124154456378650552e-01,9.915834407847591569e-02,7.069124899584638966e-02,6.445178258787853665e-02,4.175008375260490234e-02,1.017480773877878636e-01,1.423911299015641063e-01,1.017111121094316784e-01,1.569674951006452268e-01,1.013255303054382828e-01,1.124154456378650552e-01,1.272562668879034520e-01,1.472230462988155242e-01,9.141064863323918044e-02,7.471676009226822790e-02,9.586716678296777761e-02,2.561567632894584667e-01,2.669946171466766049e-01,1.103345659413204893e-01,9.299189172476765575e-02,2.022313990926348781e-01,1.734146413914981200e-01,1.143407388159639326e-01,1.544161370029207558e-01,1.970773900818044155e-01,1.087268522476324273e-01,9.186210688828756743e-02,1.462851132763979822e-01,1.166358192332500321e-01,7.167025498229334657e-02,4.881496851039426876e-02,1.471470548749412577e-01,4.149725089059490279e-02,1.057179158161321297e-01,3.394414464581546609e-02,1.285918456748292582e-01,7.995992280956751297e-02,1.262122901228137639e-01,1.434185818141363034e-01,1.166642100489984485e-01,6.603251186513392490e-02,7.627809743206775961e-02,5.945625058190559531e-02,4.898840500394507913e-02,4.538037340068038633e-02,1.805232609318746517e-01,1.097075354403280745e-01,7.132336226817119484e-02,5.388712339105291432e-02,6.072997072408640312e-02,6.701812589393094099e-02,1.088884316190783241e-01,7.342843430416468031e-02,7.819048331806921492e-02,3.208507391627715699e-02,8.600263793584109195e-02,5.263867255277247803e-02,6.518036057541584660e-02,4.819264841853138776e-02,1.126974724102580289e-01
8.114926906542752061e-02,1.231080410032005801e-01,1.170009436005244596e-01,1.487532086499499806e-01,9.436519995425768359e-02,6.854579040969268622e-01,1.000000000000000444e+00,5.858686182422394306e-02,5.090341908973286533e-02,1.307736843876419475e-01,9.961485055301876057e-02,8.073921349901483357e-02,1.309654666792979261e-01,7.094594106007132139e-02,2.334902805354016897e-01,1.182688326208525820e-01,1.311899031865592646e-01,7.456281375388036647e-02,6.624360752403128660e-02,1.179815868807108231e-01,4.315563534106425791e-02,6.475164623707971301e-02,5.184421885671585545e-02,1.213498307131064269e-01,2.006774032250883133e-01,1.554377721202175322e-01,5.442271623659402646e-01,7.376202357095067441e-01,1.174093764789406469e-01,9.692141633487810770e-02,1.292117761553703281e-01,1.934215188918670392e-01,7.769516067548551397e-02,1.312110208267484590e-01,1.414375217065358681e-01,6.338871485002750550e-02,1.358257977820325202e-01,3.624096987466644132e-02,9.832077537053400540e-02,6.783943934189218261e-02,7.720649384569287788e-02,1.711707324357737148e-01,7.945104197276110780e-02,1.465563628974541066e-01,1.176362320154343000e-01,1.513020236835725396e-01,1.239189786321706482e-01,7.272000483738999543e-02,1.539392953019151633e-01,1.654019269635448597e-01,9.929836115313836475e-02,6.133158743606381691e-02,1.458307871557435464e-01,1.357367688718493504e-01,7.755876321534103945e-02,1.511159498133453905e-01,1.245727482281339393e-01,1.683166474109256683e-01,1.122787841643687473e-01,9.610572674193226805e-02,5.981422986128914765e-02,6.693985397423533878e-02,5.092636266962758534e-02,1.026595123850173319e-01,1.152598480329900255e-01,8.068390431231485527e-02,1.471070609474436075e-01,1.014404156427869408e-01,1.122787841643687473e-01,1.124055480057258305e-01,1.388497094096088347e-01,9.396573271156317964e-02,6.901228337448775396e-02,1.030921823841380175e-01,2.482609154106972527e-01,2.509755625654541134e-01,1.060767135110399079e-01,8.495463256968102672e-02,2.005425963733443728e-01,1.499239416208510423e-01,9.475763252334472309e-02,1.405247991654569872e-01,1.571730623599612298e-01,8.772045851193747967e-02,8.561293982994880314e-02,1.569307824356838410e-01,1.075838183312235186e-01,4.982194840542218672e-02,4.824925918683556358e-02,1.397402462460496098e-01,3.692825330947277496e-02,7.569068642610284059e-02,2.308594618297880874e-02,1.058373802043483247e-01,8.634853136732138779e-02,1.239430203506275696e-01,1.220975253289195983e-01,1.066717312171840959e-01,6.304292950329996870e-02,5.966945028645122273e-02,4.764064695976773928e-02,4.296299509984170817e-02,3.239811201684589248e-02,1.811834075051045323e-01,1.318042693369614327e-01,6.897631185845402857e-02,8.807112588922658136e-02,6.659877377127253195e-02,6.467676111083368873e-02,9.302242408261282569e-02,6.617873331019968886e-02,6.436263115680194991e-02,2.398041551423459039e-02,8.471919062977537052e-02,4.563302097010064895e-02,6.569265463686292661e-02,5.391494243626408084e-02,1.225180630594350784e-01
2.872479922844919931e-02,1.218029627534858994e-01,9.529649368954205835e-02,6.929161151499052540e-02,1.114595211017831156e-01,9.383268390450390239e-02,5.858686182422394306e-02,9.999999999999996669e-01,4.214822356585973262e-02,1.232602925921430226e-01,2.051744003468737865e-01,1.779684091363309129e-01,1.951472839070391430e-01,1.689606743841630954e-01,7.525910356847057003e-02,1.747822824032868871e-01,2.070707833360502792e-01,7.065228945493366719e-02,2.015296752694719362e-01,4.540511203192190703e-02,6.468657605255158372e-02,8.254754011724084461e-02,2.114921963574716013e-01,1.007934316664079177e-01,8.696624290483458142e-02,4.622479107369489859e-02,7.367641796281240718e-02,5.354752466448076814e-02,1.262714562017805409e-01,1.218521102039366727e-01,3.654447635134476513e-02,2.884148723412939264e-01,4.647407026714910072e-02,1.236725025692335528e-01,5.532182230716164995e-02,1.133644989958007970e-01,8.437141996045884051e-02,7.551600254376472643e-02,4.097206327483371435e-02,1.395466759681281421e-01,8.559417731236529381e-02,6.551952073314953884e-02,1.118526956607150818e-01,1.029649058137944995e-01,9.281336870826023544e-02,1.246171134982987927e-01,9.119950478082508583e-02,1.207985776048977056e-01,8.488446791627612953e-02,6.972386535436453370e-02,1.033132069774349432e-01,7.408285490913865678e-02,1.288928035619379686e-01,1.262572629580480665e-01,3.963233542920576585e-02,3.511626160916556105e-02,5.663341255448256506e-02,5.581255604152610128e-02,4.266285725923671390e-02,4.537231212473979980e-02,8.263889716806104013e-02,3.228904395261339433e-02,3.544319998368074265e-02,6.714375112736400975e-02,1.179815207256491860e-01,7.194727158309531523e-02,7.447863072120133876e-02,4.437762805968086671e-02,4.266285725923671390e-02,1.236850395139439118e-01,6.177117703146883104e-02,3.088448368570094818e-02,3.872485694420442492e-02,6.454418261923017264e-02,7.326510450503198602e-02,7.495325694374609105e-02,4.720672264022983400e-02,5.704871237801069361e-02,6.645787556652636707e-02,6.925267197163749444e-02,6.253055953743794082e-02,6.651624777182837955e-02,7.096044961410724605e-02,5.533546554377022364e-02,7.320257194571613835e-02,5.287320653685682187e-02,5.394673864215683567e-02,4.093162963006479610e-02,2.937127253182555617e-02,6.266032071025223749e-02,1.597743319514204757e-02,5.774974707253748007e-02,3.665061144622455691e-02,8.657566641629821369e-02,1.369736715612226118e-02,6.818659150137311442e-02,5.675721826220996025e-02,4.785706532842042005e-02,3.332093774325407820e-02,9.758430163408692015e-02,7.268978926660638051e-02,4.094291238901104357e-02,6.594895297696590220e-02,5.946493360223645275e-02,6.746927042374022132e-02,8.600757856130914966e-03,3.967869067914388953e-02,4.063220532990438616e-02,4.916124046119977470e-02,7.451814547984089709e-02,5.014114752030061906e-02,6.975997794969338028e-02,2.936072733572658161e-02,4.474866615975216927e-02,7.301971451263827850e-02,6.904953277913655763e-02,2.914754753085314898e-02,4.018259031655592450e-02
4.384187815450031611e-02,1.029760090760382246e-01,2.166094789652484726e-02,7.279986002743391027e-02,3.780183942490115967e-02,4.605910654348299021e-02,5.090341908973286533e-02,4.214822356585973262e-02,9.999999999999997780e-01,7.327496866665035580e-02,4.445479423563221399e-02,5.299147759355368748e-02,4.954990249717275419e-02,3.271750148103841349e-02,1.085119322860504804e-01,4.791844167842535668e-02,4.585561397017616503e-02,9.194369416893798108e-03,5.237254824861879710e-02,7.351184764777749132e-03,1.054317684276705469e-01,3.322597238482090376e-02,5.052184163758376839e-02,5.309537338973512044e-02,1.662837764277617578e-02,2.008007056424401110e-02,5.860793289378862098e-02,2.761915643502902903e-02,2.435661596060747017e-02,2.586599008802726793e-02,3.136047049194012892e-02,7.059543499441342518e-02,4.809532382762117253e-01,7.352001654476415793e-02,1.026000185884735627e-01,4.168004335313974656e-02,2.741209621074245512e-02,2.884871444140410177e-02,7.153644372535127027e-02,5.285246391374327779e-02,3.613914049456770639e-02,2.172104270729865311e-02,2.632513491553621979e-02,1.003923654228278672e-01,3.780837716553887146e-02,4.297583334331167570e-02,4.506947203762286247e-02,3.293763476021173420e-02,6.451610973018812034e-02,5.750619639143136896e-02,7.726831131696854094e-02,3.847780997714360385e-02,4.702507307985648310e-02,7.486813918609247498e-02,4.103993262020623478e-02,3.851732920976243257e-02,8.795787907404278849e-02,4.202564681246249989e-02,6.656893152396420321e-02,2.176287117419831857e-02,3.862081929150605608e-02,4.497990002103706420e-02,3.287639946760372717e-02,5.519759907383475772e-02,5.544897542578733352e-02,4.716137702781376950e-02,6.861363126424163683e-02,4.262789785990946101e-02,6.656893152396420321e-02,3.320807750750284087e-02,5.948664094208816477e-02,2.779089727945223409e-02,3.501565405378093132e-02,1.115866335735756915e-01,5.723426328412400954e-02,2.996778634889265408e-02,5.436573087276974636e-02,3.401621480812656861e-02,6.128225870736930814e-02,7.683251692879890238e-02,3.987307331420583689e-02,3.925848449636354376e-02,4.163164972812614939e-02,9.175219092692811496e-02,1.950899349560288598e-01,4.953247599306992432e-02,3.695055488992125131e-02,6.090837798267154796e-02,4.833098221736621680e-02,4.960413446622231881e-02,2.844048721879843117e-02,3.107787773315502655e-02,4.524053208696431072e-02,8.434639536315999275e-02,2.874261839101273017e-02,4.240209137566448849e-02,8.999714590882758325e-02,4.338887697144588884e-02,2.447065892965773204e-02,6.697594638242372611e-02,8.306328343218662147e-02,1.942344325587889303e-02,3.008000851812614104e-02,7.206343421093237833e-02,2.763709237639561805e-02,1.905247829643143265e-02,3.214032185264466962e-02,1.102468857659018586e-01,4.709460856649699129e-02,8.016297308207678829e-02,5.791740847311781237e-02,4.932193384131251801e-02,5.039801124190376735e-02,3.218040134818117570e-02,4.161201638337053144e-02,7.014568400111226287e-02,2.989904961026040864e-02,3.705525027207025313e-02
9.414302893508873227e-02,8.584241950289639433e-02,7.116344497025420268e-02,4.821526684094849108e-02,6.368695970056223454e-02,1.255580283189669522e-01,1.307736843876419475e-01,1.232602925921430226e-01,7.327496866665035580e-02,1.000000000000000222e+00,8.233708707402405402e-02,1.162239123712254102e-01,1.872903952525959703e-01,8.643578237810335685e-02,1.577235703415680868e-01,1.225717856099153291e-01,8.998051776439680571e-02,4.420118349879230413e-02,7.105031340915511640e-02,9.229410418017124085e-02,3.061901529605626920e-02,6.123264577549951404e-02,1.089823861304650976e-01,9.465513505019942930e-02,8.962694371320449604e-02,4.524164757771822337e-02,1.489305149065472955e-01,1.146942446458017045e-01,7.749833404501380030e-02,6.090526186778139062e-02,8.219048199731598947e-02,2.171771565562863326e-01,1.506867892801095343e-01,9.770554379970954884e-01,1.568909010485057542e-01,5.980263665004059703e-02,9.770804959535947520e-02,5.111524225085556372e-02,7.306999147512430182e-02,1.132500886319566247e-01,4.740149177819100862e-02,1.319315340384865087e-01,8.202913002177728008e-02,3.073261488145226927e-01,1.142842273901930467e-01,1.967360149706845751e-01,1.303244659786377824e-01,7.145782525688210152e-02,1.318527495020341000e-01,1.049006105530634336e-01,1.924031076783890848e-01,1.047408205896657729e-01,1.274561886474619710e-01,1.513877818276521403e-01,6.969003922137360918e-02,6.499999857533625414e-02,1.768542496206032821e-01,8.415573676446058693e-02,9.415361348155582011e-02,5.670091417350285601e-02,1.564748993932498500e-01,9.657132680971501626e-02,4.835984275515457786e-02,1.057669636200978813e-01,8.867941808831128481e-02,9.394468973508776632e-02,1.194121210163119756e-01,1.061933927978377934e-01,9.415361348155582011e-02,9.173925458339907135e-02,2.661645631840548476e-01,8.559595443685924510e-02,6.308331558451332755e-02,1.690560914191528430e-01,1.415379858369628097e-01,1.622216652922914004e-01,6.040510346036168099e-02,9.252003505999853439e-02,1.491452731845359092e-01,1.369412608681071231e-01,9.771943595815392458e-02,8.363681614362267203e-02,3.917088643584668017e-02,4.358113010660753101e-02,1.722501912781281286e-01,8.855586209229709960e-02,4.877955167848046364e-02,3.383407086328757418e-02,8.714846287187456852e-02,9.905033430708140574e-02,4.164524622256091102e-02,8.300043861967162928e-02,2.884939951426176638e-02,8.902474248421733682e-02,1.386353975838987007e-01,8.804194745936112787e-02,2.567295490921227552e-01,7.204450936989259535e-02,3.749291246061655508e-02,6.399722229540194540e-02,9.211618587943905256e-02,6.852198372074304322e-02,4.465180236484859316e-02,1.101682652823611774e-01,1.170354412390212095e-01,1.556338039277357643e-01,5.475172439523923185e-02,9.845580613096950595e-02,7.865665160980200854e-02,1.089476026379179452e-01,1.079766379630048428e-01,6.344323410461646939e-02,7.570644806072626687e-02,8.410411540448291257e-02,4.887508024132836137e-02,8.643113360184347116e-02,1.202561356485102873e-01,9.449572145751479468e-02
3.978257956888293922e-02,9.277971839920905184e-02,7.346031561374671837e-02,9.310495926117190457e-02,1.009892334752154341e-01,1.167666769406550814e-01,9.961485055301876057e-02,2.051744003468737865e-01,4.445479423563221399e-02,8.233708707402405402e-02,1.000000000000000666e+00,2.012174435614698664e-01,2.119227994132491799e-01,2.031281709446834671e-01,9.864425283666147792e-02,2.037507830765994954e-01,2.204573255573192281e-01,1.107267459850708041e-01,1.953519120057568281e-01,5.465721001087670700e-02,5.653365311698073381e-02,4.089004727807799694e-02,2.586455360301666007e-01,1.310768616637957851e-01,6.800401952118689808e-02,4.256075594181484012e-02,1.058400284101159161e-01,1.057020198909734421e-01,1.038581719803070708e-01,1.196446790004108418e-01,2.591711123272172346e-02,1.343759872093057417e-01,3.313621166851973138e-02,8.261244070220982727e-02,8.585649929230465549e-02,9.224964263767727879e-02,8.159090555667622424e-02,9.472975162012689521e-02,5.304023331028969584e-02,1.485798893738536908e-01,7.825472204928644870e-02,8.249479881395949121e-02,1.142527944101116716e-01,7.233221431340421115e-02,1.097678470648779658e-01,8.940905987257347087e-02,1.184367159062520852e-01,9.490471976344790062e-02,8.512805117239030661e-02,1.025700931889164391e-01,8.396382370886815161e-02,3.962981521232140231e-02,1.287236117283794279e-01,8.557000133144995746e-02,4.041720121027921747e-02,5.031417621642140375e-02,6.955600630375231852e-02,5.205811431069466699e-02,6.467249241280709215e-02,2.497143302160540618e-02,6.512389686801581257e-02,4.656637231307705904e-02,9.291823937259094390e-02,5.076478261028867511e-02,8.987453602046466261e-02,3.678526627456711606e-02,8.015012497249088264e-02,1.098661159736523674e-01,6.467249241280709215e-02,2.571785065682802643e-02,5.277271747117852352e-02,6.649816504524123928e-02,4.463334211425486198e-02,5.857024369638691441e-02,1.205805671270779866e-01,8.094217704411378611e-02,6.680545977935341273e-02,6.296679746458340443e-02,1.169354852144930262e-01,1.134292064127795374e-01,7.884526719051422605e-02,8.102277364348957345e-02,3.188825864972189006e-02,3.121401131441842169e-02,6.147986036094710283e-02,8.166783626292412057e-02,3.101529337787117119e-02,3.401458854788623476e-02,4.611456768910748849e-02,5.945105041977001570e-02,7.470682356581898054e-02,3.912116299212796411e-02,2.986037616329482308e-02,1.184197419740405932e-01,5.913538670492950178e-02,9.998566981297260514e-02,5.005057895606177670e-02,7.086219979816921200e-02,4.079210554276203882e-02,1.296874096075240068e-01,9.116253058813626742e-02,2.142327540481133580e-02,5.853875890278509991e-02,9.976613954799631867e-02,8.922695020271391442e-02,2.825379848237138600e-02,6.030202559254798506e-02,7.895253186531682454e-02,5.314530238207765961e-02,9.176982593570177926e-02,8.034578727808758258e-02,4.634586724999037455e-02,3.096749950276589392e-02,3.678340355652083560e-02,4.671928309408750202e-02,8.279370881405603844e-02,7.770551307540980723e-02,1.045118530872888307e-01
2.419346270777120514e-02,7.909078985781281546e-02,5.146039077448646276e-02,1.003036359994642079e-01,1.796864762206839550e-01,1.420436077146411125e-01,8.073921349901483357e-02,1.779684091363309129e-01,5.299147759355368748e-02,1.162239123712254102e-01,2.012174435614698664e-01,9.999999999999997780e-01,2.687066318597809977e-01,1.838257104714277612e-01,1.023667827103151712e-01,1.861540571127662524e-01,2.536735177081847481e-01,7.629658597041617807e-02,1.897371192614925317e-01,4.696726539155483826e-02,6.175263347286364529e-02,9.561808646735005246e-02,2.611758777956521005e-01,1.137985233734646190e-01,9.044170623415938304e-02,6.281945316913317701e-02,7.588967528122349260e-02,7.219741375337679345e-02,1.253596022590362791e-01,1.256095170056483745e-01,3.569879642554712323e-02,1.606122552142587867e-01,2.684679992119810843e-02,1.166125911196561199e-01,8.543519269788918402e-02,1.083189955665754545e-01,9.381729359234021459e-02,2.300153949241554030e-01,7.568595004980901986e-02,8.424703033770341021e-01,2.506282667501784078e-01,2.035239479148012454e-01,1.387150279818737952e-01,8.608748113804498558e-02,1.113498791697725421e-01,8.207013966735694777e-02,9.610411603557714177e-02,1.652199674471447055e-01,1.050509568645800335e-01,4.230168532672647086e-02,1.159670285710348442e-01,7.614035075302712230e-02,1.640348992140938100e-01,1.048442180631203730e-01,9.470301321895627233e-02,5.120634698166706689e-02,2.337591261002833903e-02,6.170429957953398742e-02,4.484605412409113645e-02,3.776751288815738405e-02,6.095238613353028134e-02,3.837379536412958286e-02,9.166238539888510450e-02,5.952472595789661675e-02,7.827397502119806671e-02,6.864635546213827821e-02,6.169063929899621518e-02,3.378742560051882504e-02,4.484605412409113645e-02,4.900503154517833054e-02,5.138008374923830335e-02,2.823488813453932378e-02,4.101757061177207370e-02,7.705249426231408627e-02,1.041465958927089014e-01,1.352632993946008833e-01,7.194191284830557531e-02,3.368634827342304600e-02,1.138474479845418830e-01,7.564766771613674889e-02,5.510584083643536857e-02,6.315800197830401252e-02,9.154148022133638818e-02,3.298501297970807267e-02,1.014969191549468658e-01,5.705669752178423038e-02,8.160670121519664200e-02,4.190952703013321734e-02,3.890092178517325777e-02,1.432728677624978131e-01,3.610067068568422605e-02,7.788492366626467711e-02,7.178310506959754977e-02,1.452062005308592807e-01,1.198757130086647478e-02,8.365103490081642057e-02,4.462824576707846713e-02,7.053306922061740314e-02,4.242159589173940398e-02,1.992373084279180084e-01,1.019155386798168555e-01,6.518412124019662413e-02,1.603066317794534790e-01,6.666956283306410547e-02,4.817041527285634284e-02,7.436538100114947064e-03,3.301601852015122185e-02,7.142439666069064219e-02,2.499255001148737235e-02,7.430964089264793793e-02,2.411512163143458148e-02,5.178017269303116649e-02,4.536735153566655299e-02,2.892796765751875360e-02,4.433325916140292561e-02,2.552905370040333549e-02,3.867064641369964695e-02,4.218990624740640710e-02
5.585648517702565541e-02,1.115905296833325511e-01,9.361917096222768797e-02,1.249232948639708018e-01,1.081633010162031117e-01,1.625378903793636975e-01,1.309654666792979261e-01,1.951472839070391430e-01,4.954990249717275419e-02,1.872903952525959703e-01,2.119227994132491799e-01,2.687066318597809977e-01,9.999999999999994449e-01,1.498877842935781302e-01,1.700006654987171184e-01,1.941858619724389778e-01,2.115712556914088882e-01,7.771398420208773528e-02,2.139571059085476346e-01,8.029377833213457993e-02,5.683147426867216773e-02,1.023189753305707023e-01,2.110525763769512675e-01,1.217216231941903593e-01,8.134140712379978044e-02,1.180489553676639658e-01,1.372662191856655889e-01,1.228112145383997850e-01,1.141617600877454508e-01,1.289223811101738448e-01,6.085421382083279485e-02,2.233448282200077850e-01,5.484055383487203283e-02,1.879167362088989546e-01,8.926719614871422848e-02,1.284641449449263617e-01,1.206566874516629695e-01,1.139791575683070241e-01,2.384845486417309646e-01,2.466877341029883597e-01,4.037248094220803329e-01,4.017172164612352603e-01,9.263239483015447973e-02,1.282138536610744062e-01,1.148885178634682369e-01,1.341534533958875786e-01,1.175908240762962298e-01,1.395979313468000138e-01,1.771267857713473837e-01,1.597075621371966403e-01,1.980032414406811825e-01,8.000273562018198059e-02,1.352720230204316476e-01,1.060157071160680586e-01,1.574918767776156969e-01,1.113023694259698410e-01,1.050411503298696037e-01,1.362888670082129383e-01,8.512199152152263859e-02,5.122772888377314510e-02,1.090535969931129834e-01,1.260619532292038547e-01,3.571300600797922692e-02,1.390921433552174957e-01,2.071812634344462611e-01,6.055348525347989397e-02,9.421363869836900384e-02,6.790915848786117925e-02,8.512199152152263859e-02,8.472646863425659092e-02,1.759737665007534424e-01,1.139964869189222102e-01,8.771975750735386268e-02,1.199238667373788148e-01,1.472595628885088603e-01,1.518625041610763005e-01,7.865064804900157025e-02,1.813371649085535886e-01,1.231907479621160845e-01,2.323594402658252789e-01,7.462506504250762673e-02,9.703218577649805332e-02,7.890418251228419055e-02,8.505417234282708350e-02,1.000226348801113163e-01,7.512575001243376738e-02,9.995208087712437184e-02,6.281410493758163294e-02,1.561945109575237078e-01,1.372437354735452919e-01,3.941490573142119452e-02,6.152518662596624666e-02,3.391050991510537183e-02,1.379413916111475458e-01,5.998011909656236068e-02,9.341142811631984733e-02,9.689840408377464742e-02,1.202587731660926806e-01,5.465775622200703260e-02,1.647531137116769462e-01,7.494786615856294243e-02,1.406986874102677532e-01,7.575325417791632654e-02,1.051471875496255148e-01,1.364953861841258775e-01,4.712316979965790187e-02,3.323854075364477551e-02,4.471637960608387807e-02,5.827820810909579985e-02,1.084566345816593003e-01,6.890650482682757205e-02,5.575599227079119230e-02,5.201291230252055864e-02,6.870791215301448596e-02,4.366446737991318272e-02,5.634439321220782032e-02,4.465760695364473509e-02,8.049171543134145401e-02
